# Supplementary geological attributes as rock type percentages based on the map of main lithologies across Switzerland (Swiss Geological Map by Swisstopo) and the map of molasse layers on the Swiss plateau (GeoMol by Swisstopo)
gauge_id,osm,omm,usm,api,amk,sus,dup,sal,oos,mpk,aap,fju,hes,mps,ups,ops,tie,ukd,uod,ood,qua
2004,0.0,38.65,41.56,6.1,0.0,0.69,0.0,0.0,0.0,0.0,0.0,0.0,0.0,0.0,0.0,1.11,0.0,0.0,0.0,0.0,11.88
2007,0.0,0.0,0.39,0.0,0.0,0.0,0.0,0.0,0.0,0.0,0.0,95.34,0.0,0.0,0.0,0.0,0.0,0.0,0.0,0.0,4.26
2009,0.0,0.0,0.0,30.66,7.63,3.0,6.0,0.0,7.4,25.71,0.0,0.0,6.3,4.77,4.72,0.12,0.0,0.0,0.0,0.0,3.69
2011,0.0,0.0,0.0,27.29,11.85,0.51,7.7,0.0,9.71,30.51,0.0,0.0,4.66,2.51,2.78,0.0,0.0,0.0,0.0,0.0,2.47
2014,4.63,2.82,11.56,14.81,0.0,9.42,0.0,0.0,0.0,0.0,0.0,0.0,44.26,0.0,0.25,1.76,0.0,0.0,0.0,0.0,10.49
2016,6.79,20.09,19.18,7.41,0.0,2.22,0.0,0.0,1.49,0.0,0.03,15.0,6.95,6.02,3.57,2.21,0.0,0.0,0.0,0.0,9.04
2017,22.41,6.38,52.18,0.0,0.0,0.0,0.0,0.0,0.0,0.0,0.0,0.0,0.0,0.0,0.0,0.0,0.0,0.0,0.0,0.0,19.03
2018,14.87,4.11,11.51,20.59,4.35,4.08,0.0,0.0,0.0,0.0,0.0,0.0,26.32,1.41,0.0,4.58,0.0,0.0,0.0,0.0,8.18
2019,0.0,0.0,0.0,82.22,0.0,0.34,0.0,0.0,0.0,0.0,0.0,0.0,15.37,0.0,0.0,0.0,0.0,0.0,0.0,0.0,2.07
2020,0.0,0.0,0.0,0.0,54.57,3.6,0.0,0.0,0.0,4.47,0.0,0.0,0.0,0.25,3.15,0.0,0.22,28.91,0.0,0.0,4.83
2021,0.0,0.0,0.0,0.0,0.0,0.0,0.0,86.95,0.0,0.0,0.0,0.0,0.0,0.0,0.0,0.0,0.0,0.0,0.0,0.0,13.05
2022,0.0,0.0,0.0,0.0,32.41,0.86,2.05,26.93,1.25,14.36,0.0,0.0,0.0,0.4,0.83,0.0,0.14,8.95,0.0,0.04,11.79
2023,0.0,0.0,0.0,56.98,0.0,0.17,0.0,0.0,0.0,0.0,0.0,0.0,37.72,0.0,0.0,0.0,0.0,0.0,0.0,0.0,5.13
2024,0.0,0.0,0.0,26.88,10.72,0.62,6.97,0.0,8.79,29.94,0.0,0.0,7.14,3.1,2.76,0.0,0.0,0.0,0.0,0.0,3.1
2025,0.0,0.0,0.0,63.93,14.62,2.16,0.0,0.0,0.0,0.0,0.0,0.0,14.33,0.0,0.0,0.0,0.0,0.0,0.0,0.0,4.97
2026,0.0,0.23,10.83,21.15,4.99,2.24,3.93,0.0,5.24,16.84,0.0,3.38,4.13,11.28,3.13,1.99,0.0,0.0,0.0,0.0,10.63
2027,0.0,0.23,10.83,21.15,4.99,2.24,3.93,0.0,5.24,16.84,0.0,3.38,4.13,11.28,3.13,1.99,0.0,0.0,0.0,0.0,10.63
2028,0.0,0.23,10.83,21.15,4.99,2.24,3.93,0.0,5.24,16.84,0.0,3.38,4.13,11.28,3.13,1.99,0.0,0.0,0.0,0.0,10.63
2029,0.15,16.07,16.55,10.49,0.0,2.66,0.0,0.0,2.11,0.0,0.0,16.84,9.48,8.53,5.06,3.08,0.0,0.0,0.0,0.0,8.98
2030,0.0,0.0,1.25,33.11,0.0,5.76,0.0,0.0,4.02,0.0,0.0,0.0,28.81,9.58,11.18,0.71,0.0,0.0,0.0,0.0,5.56
2031,0.0,0.0,85.87,0.0,0.0,0.0,0.0,0.0,0.0,0.0,0.0,0.0,0.0,0.0,0.0,0.0,0.0,0.0,0.0,0.0,14.13
2032,21.67,2.31,6.18,4.4,4.71,2.95,0.0,0.0,2.73,2.19,0.03,0.0,6.26,2.46,14.88,0.0,0.0,1.44,2.09,15.89,9.82
2033,0.0,0.0,0.0,30.36,58.75,4.33,0.0,0.0,0.0,0.0,0.0,0.0,5.93,0.0,0.16,0.0,0.0,0.0,0.0,0.0,0.48
2034,0.0,49.81,36.14,10.46,0.0,1.18,0.0,0.0,0.0,0.0,0.0,0.0,0.0,0.0,0.0,1.9,0.0,0.0,0.0,0.0,0.52
2041,0.0,0.0,0.0,7.82,8.36,4.07,0.0,0.0,4.86,3.89,0.0,0.0,3.7,4.37,23.92,0.0,0.0,2.56,3.71,27.53,5.21
2043,23.26,2.36,6.76,4.18,4.47,2.8,0.0,0.0,2.6,2.08,0.7,0.0,5.94,2.33,14.13,0.0,0.07,1.37,1.98,15.09,9.87
2044,59.52,3.82,23.82,0.0,0.0,1.56,0.0,0.0,0.0,0.0,0.0,0.0,6.93,0.0,0.26,0.0,0.0,0.0,0.0,0.0,4.09
2053,0.0,0.0,0.0,21.23,0.0,0.0,8.1,0.0,8.85,34.19,0.0,0.0,4.54,10.2,12.39,0.0,0.0,0.0,0.0,0.0,0.51
2056,0.0,0.0,0.0,75.78,17.68,2.18,0.0,0.0,0.0,0.0,0.0,0.0,2.4,0.0,0.0,0.0,0.0,0.0,0.0,0.0,1.96
2063,2.57,19.05,20.08,8.6,0.0,2.58,0.0,0.0,1.73,0.0,0.0,14.24,8.07,6.99,4.15,2.56,0.0,0.0,0.0,0.0,9.36
2066,0.0,0.0,0.0,0.0,0.0,0.0,35.81,0.0,7.82,0.0,0.0,0.0,0.0,0.0,0.0,0.0,0.0,0.0,51.53,0.0,4.84
2067,0.0,0.0,0.0,0.0,0.0,0.0,3.62,0.0,1.75,0.0,0.0,0.0,0.0,3.16,8.87,0.0,0.0,0.0,22.97,58.86,0.77
2068,0.0,0.0,0.0,0.0,52.13,3.39,0.0,1.85,0.0,4.8,0.0,0.0,0.0,0.24,2.96,0.0,0.59,28.61,0.0,0.17,5.26
2070,18.39,50.79,13.95,0.0,0.0,9.21,0.0,0.0,0.0,0.0,0.0,0.0,6.79,0.0,0.0,0.86,0.0,0.0,0.0,0.0,0.0
2072,0.0,0.0,0.0,0.0,0.0,0.0,62.5,0.0,10.16,0.0,0.0,0.0,0.0,0.0,0.0,0.0,0.0,0.0,18.59,0.0,8.74
2073,0.0,0.0,0.0,0.0,0.0,0.0,44.65,0.0,9.75,0.0,0.0,0.0,0.0,0.0,0.0,0.0,0.0,0.0,40.1,0.0,5.5
2074,0.0,0.0,0.0,0.0,32.41,0.86,2.05,26.93,1.25,14.36,0.0,0.0,0.0,0.4,0.83,0.0,0.14,8.94,0.0,0.04,11.79
2078,0.0,0.0,0.0,0.0,0.0,0.0,17.75,0.0,1.72,0.0,0.0,0.0,0.0,0.0,0.0,0.0,0.0,0.0,50.67,28.95,0.92
2079,0.0,0.0,0.0,0.0,0.0,0.0,100.0,0.0,0.0,0.0,0.0,0.0,0.0,0.0,0.0,0.0,0.0,0.0,0.0,0.0,0.0
2081,89.79,0.0,0.0,0.0,0.0,0.0,0.0,0.0,0.0,0.0,0.0,0.0,0.0,0.0,0.0,0.0,0.0,0.0,0.0,0.0,10.21
2082,93.28,0.0,0.0,0.0,0.0,0.0,0.0,0.0,0.0,0.0,0.0,0.0,0.0,0.0,0.0,0.0,0.0,0.0,0.0,0.0,6.72
2084,0.0,0.0,11.34,0.0,0.0,2.68,0.0,0.0,0.04,0.0,0.0,0.0,70.43,0.76,0.0,5.39,0.0,0.0,0.0,0.02,9.34
2085,0.24,18.11,11.13,16.08,0.0,4.19,0.0,0.0,3.4,0.0,0.0,0.0,15.3,13.76,8.16,4.81,0.0,0.0,0.0,0.0,4.81
2086,0.0,0.0,0.0,0.0,54.92,12.56,0.0,0.0,0.0,0.0,0.0,0.0,0.0,0.0,6.12,0.0,0.0,24.08,0.0,0.0,2.32
2087,0.0,0.0,0.0,22.73,76.83,0.0,0.0,0.0,0.0,0.0,0.0,0.0,0.0,0.0,0.0,0.0,0.0,0.0,0.0,0.0,0.44
2088,0.0,0.0,0.0,0.0,0.0,7.29,0.0,0.0,0.0,0.0,0.0,0.0,61.11,2.73,0.0,25.26,0.0,0.0,0.0,0.0,3.6
2091,18.32,8.93,13.09,6.6,1.92,2.7,0.0,0.0,1.38,0.69,6.73,5.33,9.46,2.96,5.94,1.45,0.08,0.46,0.66,5.03,8.28
2093,0.0,0.0,1.16,33.22,0.0,5.78,0.0,0.0,4.04,0.0,0.0,0.0,28.91,9.61,11.22,0.71,0.0,0.0,0.0,0.0,5.36
2097,81.5,7.6,0.0,0.0,0.0,0.0,0.0,0.0,0.0,0.0,0.0,0.0,0.0,0.0,0.0,0.0,0.0,0.0,0.0,0.0,10.9
2099,13.17,3.22,13.9,10.79,0.0,8.41,0.0,0.0,0.08,0.0,0.0,0.0,34.91,0.07,0.18,3.97,0.0,0.0,0.0,0.04,11.27
2101,0.0,0.0,0.0,0.0,0.0,0.0,0.0,90.13,0.0,0.0,0.0,0.0,0.0,0.0,0.0,0.0,0.0,0.0,0.0,0.0,9.87
2102,0.0,0.0,0.0,0.0,0.0,7.32,0.0,0.0,0.0,0.0,0.0,0.0,61.19,2.72,0.0,25.17,0.0,0.0,0.0,0.0,3.59
2104,0.0,0.0,0.77,22.1,0.0,12.64,0.0,0.0,0.0,0.0,0.0,0.0,59.42,0.0,0.37,0.0,0.0,0.0,0.0,0.0,4.7
2105,0.0,0.0,0.0,0.0,0.0,0.0,39.45,0.0,8.61,0.0,0.0,0.0,0.0,0.0,0.0,0.0,0.0,0.0,47.08,0.0,4.86
2106,0.0,0.0,0.0,0.0,0.0,0.0,0.0,0.0,0.0,0.0,6.36,93.64,0.0,0.0,0.0,0.0,0.0,0.0,0.0,0.0,0.0
2109,0.0,0.0,0.0,50.35,0.0,0.0,0.0,0.0,0.0,0.0,0.0,0.0,49.29,0.0,0.0,0.0,0.0,0.0,0.0,0.0,0.36
2110,10.07,3.41,8.72,24.02,5.07,4.76,0.0,0.0,0.0,0.0,0.0,0.0,30.7,1.64,0.0,5.34,0.0,0.0,0.0,0.0,6.27
2112,0.0,0.0,42.72,0.0,0.0,14.08,0.0,0.0,0.0,0.0,0.0,0.0,42.49,0.0,0.52,0.0,0.0,0.0,0.0,0.0,0.19
2113,9.78,14.82,17.0,10.16,0.83,3.28,0.0,0.0,0.99,0.0,0.46,10.13,13.92,4.26,2.38,2.82,0.0,0.0,0.0,0.01,9.16
2116,28.83,2.88,9.49,3.02,3.23,2.19,0.0,0.0,1.88,1.5,8.78,0.0,5.03,1.69,10.24,0.0,0.17,0.99,1.43,10.9,7.76
2117,0.0,0.0,0.0,0.0,0.0,0.0,21.57,0.0,22.62,51.48,0.0,0.0,0.0,3.53,0.01,0.0,0.0,0.0,0.0,0.0,0.79
2118,0.0,0.0,0.75,22.11,0.0,12.65,0.0,0.0,0.0,0.0,0.0,0.0,59.45,0.0,0.37,0.0,0.0,0.0,0.0,0.0,4.68
2119,0.0,22.5,9.02,0.39,0.0,4.67,0.0,0.0,5.91,0.0,0.0,0.0,4.96,30.4,11.2,9.9,0.0,0.0,0.0,0.0,1.05
2122,0.0,0.0,0.0,0.0,0.0,0.0,0.0,0.0,0.0,0.0,0.0,100.0,0.0,0.0,0.0,0.0,0.0,0.0,0.0,0.0,0.0
2125,25.73,6.09,49.85,0.0,0.0,0.0,0.0,0.0,0.0,0.0,0.0,0.0,0.0,0.0,0.0,0.0,0.0,0.0,0.0,0.0,18.33
2126,100.0,0.0,0.0,0.0,0.0,0.0,0.0,0.0,0.0,0.0,0.0,0.0,0.0,0.0,0.0,0.0,0.0,0.0,0.0,0.0,0.0
2130,18.57,9.05,13.28,6.7,1.94,2.73,0.0,0.0,1.39,0.7,5.56,5.27,9.59,3.0,6.03,1.47,0.08,0.46,0.67,5.1,8.4
2132,99.82,0.18,0.0,0.0,0.0,0.0,0.0,0.0,0.0,0.0,0.0,0.0,0.0,0.0,0.0,0.0,0.0,0.0,0.0,0.0,0.0
2135,0.26,7.53,4.64,27.78,0.0,5.04,0.0,0.0,3.37,0.0,0.0,0.0,24.45,9.26,9.35,1.15,0.0,0.0,0.0,0.0,7.19
2137,92.77,0.21,0.0,0.0,0.0,0.0,0.0,0.0,0.0,0.0,0.0,0.0,0.0,0.0,0.0,0.0,0.0,0.0,0.0,0.0,7.02
2139,0.0,0.0,29.89,0.0,0.0,6.13,0.0,0.0,0.0,0.0,0.0,0.0,20.97,0.0,0.59,0.0,0.0,0.0,0.0,0.0,42.42
2141,0.0,0.0,0.0,0.0,0.0,0.0,0.0,0.0,0.34,0.0,0.0,0.0,0.0,0.03,1.49,0.0,0.0,0.0,19.01,78.98,0.14
2143,31.11,3.1,10.14,3.26,3.49,2.37,0.0,0.0,2.03,1.62,1.64,0.0,5.44,1.82,11.06,0.0,0.18,1.07,1.55,11.78,8.35
2150,0.0,0.0,0.0,0.0,0.0,0.0,0.0,0.0,5.53,0.0,0.0,0.0,0.0,6.38,58.98,0.0,0.0,0.0,0.72,28.34,0.05
2151,0.0,0.0,0.0,0.0,0.0,15.56,0.0,0.0,18.99,0.0,0.0,0.0,11.9,29.04,21.71,2.76,0.0,0.0,0.0,0.0,0.04
2152,0.0,0.19,5.76,30.92,6.53,4.69,0.0,0.0,0.01,0.0,0.0,0.0,36.99,2.03,0.0,4.94,0.0,0.0,0.0,0.0,7.95
2154,0.0,14.29,27.54,1.62,0.0,0.18,0.0,0.0,0.0,0.0,0.0,40.09,0.0,0.0,0.0,0.3,0.0,0.0,0.0,0.0,15.97
2155,23.16,42.17,23.89,0.0,0.0,4.41,0.0,0.0,0.0,0.0,0.0,0.0,3.26,0.0,0.0,0.41,0.0,0.0,0.0,0.0,2.7
2157,0.0,0.0,0.98,0.0,0.0,0.0,0.0,0.0,0.0,0.0,0.0,0.0,0.0,0.0,0.0,0.0,0.0,0.0,0.0,0.0,99.02
2159,0.24,30.44,20.75,2.27,0.0,0.39,0.0,0.0,0.0,0.0,0.0,0.0,0.0,13.11,0.0,11.63,0.0,0.0,0.0,0.0,21.15
2160,0.0,0.0,0.3,0.01,0.0,5.34,0.0,0.0,9.03,0.0,0.0,0.0,9.91,42.77,22.36,9.79,0.0,0.0,0.0,0.0,0.49
2161,0.0,0.0,0.0,99.93,0.0,0.0,0.0,0.0,0.0,0.0,0.0,0.0,0.0,0.0,0.0,0.0,0.0,0.0,0.0,0.0,0.07
2167,0.0,0.0,0.0,0.0,0.0,0.0,0.0,86.95,0.0,0.0,0.0,0.0,0.0,0.0,0.0,0.0,0.0,0.0,0.0,0.0,13.05
2168,77.46,3.72,0.0,0.0,0.0,0.0,0.0,0.0,0.0,0.0,0.0,0.0,0.0,0.0,0.0,0.0,0.0,0.0,0.0,0.0,18.81
2170,0.0,0.0,16.4,60.14,0.0,4.06,0.0,0.0,1.25,0.0,0.0,0.68,0.0,13.21,0.1,4.14,0.0,0.0,0.0,0.0,0.03
2174,0.0,0.18,13.89,27.93,3.87,2.52,3.05,0.0,4.31,13.06,0.0,3.67,3.2,11.28,2.45,2.34,0.0,0.0,0.0,0.0,8.25
2176,18.74,2.54,30.24,0.0,0.0,9.84,0.0,0.0,0.5,0.0,0.0,0.0,16.95,0.43,0.0,17.04,0.0,0.0,0.0,0.24,3.47
2179,0.93,52.13,7.55,0.01,0.0,1.89,0.0,0.0,0.0,0.0,0.0,0.0,0.0,12.81,0.0,24.56,0.0,0.0,0.0,0.0,0.13
2181,43.98,5.18,37.08,0.0,0.0,2.45,0.0,0.0,0.0,0.0,0.0,0.0,10.86,0.0,0.41,0.0,0.0,0.0,0.0,0.0,0.04
2185,0.0,0.0,0.0,0.0,0.0,0.0,0.0,0.0,15.6,0.0,0.0,0.0,0.0,10.63,52.91,0.0,0.0,0.0,5.2,15.36,0.3
2187,0.0,0.0,0.0,0.0,0.0,16.73,0.0,0.0,0.0,0.0,0.0,0.0,50.14,0.0,2.86,0.0,0.0,0.0,0.0,0.0,30.27
2199,0.0,0.0,0.0,0.0,0.0,0.0,0.0,0.0,0.0,0.0,99.84,0.0,0.0,0.0,0.0,0.0,0.0,0.0,0.0,0.0,0.16
2200,0.0,0.0,0.0,64.45,0.0,0.0,0.0,0.0,0.0,0.0,0.0,0.0,35.55,0.0,0.0,0.0,0.0,0.0,0.0,0.0,0.0
2202,0.0,0.0,0.0,0.0,0.0,0.0,0.0,0.0,0.0,0.0,57.88,42.12,0.0,0.0,0.0,0.0,0.0,0.0,0.0,0.0,0.0
2203,0.0,0.0,0.0,0.0,0.0,25.62,0.0,0.0,0.0,0.0,0.0,0.0,13.75,20.16,35.65,4.72,0.0,0.0,0.0,0.0,0.11
2205,9.74,14.82,17.04,10.24,0.84,3.31,0.0,0.0,1.0,0.0,0.08,10.14,14.03,4.29,2.4,2.84,0.0,0.0,0.0,0.01,9.23
2206,0.0,0.0,0.0,0.0,0.0,0.0,0.0,0.0,0.0,0.0,0.0,0.0,0.0,0.0,0.0,0.0,12.39,87.61,0.0,0.0,0.0
2207,0.0,0.07,5.4,31.08,6.57,4.71,0.0,0.0,0.01,0.0,0.0,0.0,37.18,2.04,0.0,4.96,0.0,0.0,0.0,0.0,7.99
2208,0.15,15.97,16.55,10.51,0.0,2.66,0.0,0.0,2.11,0.0,0.0,16.87,9.5,8.54,5.07,3.08,0.0,0.0,0.0,0.0,8.99
2209,11.89,3.36,10.89,12.85,0.0,8.18,0.0,0.0,0.0,0.0,0.0,0.0,38.4,0.0,0.21,1.53,0.0,0.0,0.0,0.0,12.7
2210,0.0,0.0,0.0,0.0,0.0,0.0,0.0,0.0,0.0,0.0,0.0,99.37,0.0,0.0,0.0,0.0,0.0,0.0,0.0,0.0,0.63
2215,0.17,32.47,12.95,0.27,0.0,3.54,0.0,0.0,4.03,0.0,0.0,0.0,3.39,23.16,7.64,11.39,0.0,0.0,0.0,0.0,0.97
2217,0.0,0.17,14.53,27.65,3.84,2.49,3.02,0.0,4.26,12.93,0.0,3.87,3.17,11.17,2.42,2.31,0.0,0.0,0.0,0.0,8.16
2219,0.0,0.0,0.0,0.0,0.0,39.42,0.0,0.0,0.0,0.0,0.0,0.0,60.58,0.0,0.0,0.0,0.0,0.0,0.0,0.0,0.0
2232,0.0,0.0,0.0,0.0,0.0,38.62,0.0,0.0,0.0,0.0,0.0,0.0,4.89,0.0,56.49,0.0,0.0,0.0,0.0,0.0,0.0
2239,0.0,0.0,0.0,0.0,0.0,0.0,0.0,0.0,0.0,0.0,0.0,0.0,0.0,0.0,0.0,0.0,0.0,0.0,2.97,95.18,1.85
2243,17.11,4.32,13.43,9.8,0.0,7.64,0.0,0.0,0.07,0.0,0.0,0.18,31.7,0.06,0.16,3.6,0.0,0.0,0.0,0.03,11.88
2244,0.0,0.0,0.0,0.0,12.3,0.0,0.0,0.0,0.0,27.31,0.0,0.0,0.0,50.49,9.57,0.0,0.0,0.0,0.0,0.0,0.32
2247,0.0,0.0,0.0,0.0,0.0,0.0,0.0,0.0,0.0,0.0,0.0,99.21,0.0,0.0,0.0,0.0,0.0,0.0,0.0,0.0,0.79
2251,0.0,0.0,0.0,0.0,0.0,0.0,0.0,0.0,0.0,0.0,0.0,0.0,0.0,0.0,0.0,100.0,0.0,0.0,0.0,0.0,0.0
2252,0.0,0.0,0.0,0.0,0.0,0.0,0.0,0.0,0.0,0.0,0.0,0.0,0.0,0.0,0.0,100.0,0.0,0.0,0.0,0.0,0.0
2256,0.0,0.0,0.0,0.0,0.0,0.0,13.16,0.0,0.0,0.0,0.0,0.0,0.0,0.0,0.0,0.0,0.0,0.0,86.54,0.0,0.3
2262,0.0,0.0,0.0,0.0,0.0,0.0,0.0,0.0,0.0,0.0,0.0,0.0,0.0,0.0,0.0,0.0,0.0,0.0,95.86,3.95,0.19
2263,0.0,0.0,0.0,0.0,0.0,0.0,0.0,0.0,0.0,0.0,0.0,0.0,0.0,0.0,0.0,0.0,0.0,0.0,22.77,77.16,0.07
2265,0.0,0.0,0.0,0.0,0.0,0.0,4.43,0.0,2.14,0.0,0.0,0.0,0.0,3.14,1.52,0.0,0.0,0.0,28.15,59.67,0.95
2268,0.0,0.0,0.0,85.0,15.0,0.0,0.0,0.0,0.0,0.0,0.0,0.0,0.0,0.0,0.0,0.0,0.0,0.0,0.0,0.0,0.0
2269,0.0,0.0,0.0,100.0,0.0,0.0,0.0,0.0,0.0,0.0,0.0,0.0,0.0,0.0,0.0,0.0,0.0,0.0,0.0,0.0,0.0
2270,0.0,0.0,0.0,0.0,0.0,0.0,0.0,0.0,0.0,0.0,0.0,99.2,0.0,0.0,0.0,0.0,0.0,0.0,0.0,0.0,0.8
2276,0.0,0.0,0.0,0.0,0.0,0.0,0.0,0.0,0.0,0.0,0.0,0.0,100.0,0.0,0.0,0.0,0.0,0.0,0.0,0.0,0.0
2282,100.0,0.0,0.0,0.0,0.0,0.0,0.0,0.0,0.0,0.0,0.0,0.0,0.0,0.0,0.0,0.0,0.0,0.0,0.0,0.0,0.0
2283,100.0,0.0,0.0,0.0,0.0,0.0,0.0,0.0,0.0,0.0,0.0,0.0,0.0,0.0,0.0,0.0,0.0,0.0,0.0,0.0,0.0
2288,23.34,2.46,7.93,4.04,4.32,2.71,0.0,0.0,2.51,2.01,1.44,0.0,5.75,2.26,13.66,0.0,0.22,1.32,1.92,14.59,9.54
2289,17.63,8.59,12.6,6.35,1.84,2.59,0.0,0.0,1.32,0.67,7.55,7.75,9.1,2.85,5.72,1.39,0.07,0.44,0.64,4.84,8.04
2290,0.0,0.0,0.0,0.0,0.0,0.0,0.0,0.0,0.0,0.0,0.0,99.56,0.0,0.0,0.0,0.0,0.0,0.0,0.0,0.0,0.44
2299,0.0,0.0,0.0,100.0,0.0,0.0,0.0,0.0,0.0,0.0,0.0,0.0,0.0,0.0,0.0,0.0,0.0,0.0,0.0,0.0,0.0
2300,0.0,0.0,0.0,0.0,0.0,23.11,0.0,0.0,2.89,0.0,0.0,0.0,57.0,0.31,0.0,15.27,0.0,0.0,0.0,1.42,0.0
2303,31.5,7.17,40.15,0.0,0.0,3.26,0.0,0.0,0.0,0.0,0.0,0.0,17.1,0.0,0.83,0.0,0.0,0.0,0.0,0.0,0.0
2304,0.0,0.0,0.0,0.0,0.0,0.0,0.0,0.0,0.0,0.0,0.0,0.0,0.0,0.0,0.0,0.0,0.0,0.0,0.0,100.0,0.0
2305,42.29,47.93,9.79,0.0,0.0,0.0,0.0,0.0,0.0,0.0,0.0,0.0,0.0,0.0,0.0,0.0,0.0,0.0,0.0,0.0,0.0
2307,0.0,0.0,0.0,0.0,0.0,0.0,0.0,0.0,0.0,0.0,0.0,100.0,0.0,0.0,0.0,0.0,0.0,0.0,0.0,0.0,0.0
2308,14.82,14.91,70.27,0.0,0.0,0.0,0.0,0.0,0.0,0.0,0.0,0.0,0.0,0.0,0.0,0.0,0.0,0.0,0.0,0.0,0.0
2309,100.0,0.0,0.0,0.0,0.0,0.0,0.0,0.0,0.0,0.0,0.0,0.0,0.0,0.0,0.0,0.0,0.0,0.0,0.0,0.0,0.0
2312,99.77,0.0,0.0,0.0,0.0,0.0,0.0,0.0,0.0,0.0,0.0,0.0,0.0,0.0,0.0,0.0,0.0,0.0,0.0,0.0,0.23
2319,0.0,0.0,0.0,0.0,0.0,0.0,0.0,0.0,0.0,0.0,0.0,0.0,0.0,0.0,0.0,0.0,0.0,0.0,0.0,100.0,0.0
2321,0.0,0.0,0.0,0.0,0.0,0.0,0.0,100.0,0.0,0.0,0.0,0.0,0.0,0.0,0.0,0.0,0.0,0.0,0.0,0.0,0.0
2327,0.0,0.0,0.0,0.0,0.0,0.0,0.0,0.0,0.0,0.0,0.0,0.0,0.0,0.0,0.0,0.0,0.0,0.0,0.0,100.0,0.0
2342,0.0,0.0,0.0,0.0,36.22,0.0,0.0,0.0,0.0,32.78,0.0,0.0,0.0,6.69,22.53,0.0,0.0,0.0,0.0,0.0,1.78
2343,53.6,46.4,0.0,0.0,0.0,0.0,0.0,0.0,0.0,0.0,0.0,0.0,0.0,0.0,0.0,0.0,0.0,0.0,0.0,0.0,0.0
2346,0.0,0.0,0.0,51.82,40.78,0.0,0.0,0.0,0.0,2.81,0.0,0.0,0.0,0.58,3.5,0.0,0.0,0.0,0.0,0.0,0.51
2347,0.0,0.0,0.0,0.0,0.0,0.0,0.0,0.0,0.0,0.0,0.0,0.0,0.0,0.0,0.0,0.0,25.11,74.53,0.0,0.36,0.0
2349,0.0,0.0,0.0,0.0,0.0,0.0,0.0,99.94,0.0,0.0,0.0,0.0,0.0,0.0,0.0,0.0,0.0,0.0,0.0,0.0,0.06
2351,0.0,0.0,0.0,0.0,1.07,0.0,8.05,0.0,20.63,62.15,0.0,0.0,0.0,6.32,1.4,0.0,0.0,0.0,0.0,0.0,0.38
2352,0.0,0.0,0.0,86.19,0.0,3.13,0.0,0.0,0.0,0.0,0.0,0.0,9.48,0.0,0.0,0.0,0.0,0.0,0.0,0.0,1.19
2355,0.0,0.0,0.0,0.0,0.0,0.0,0.0,0.0,0.92,0.0,0.0,0.0,0.0,0.0,0.0,0.0,0.0,0.0,4.91,93.84,0.33
2356,0.0,0.0,0.0,0.0,100.0,0.0,0.0,0.0,0.0,0.0,0.0,0.0,0.0,0.0,0.0,0.0,0.0,0.0,0.0,0.0,0.0
2364,0.0,0.0,0.0,0.0,94.47,1.33,0.0,0.0,0.0,3.96,0.0,0.0,0.0,0.0,0.0,0.0,0.0,0.0,0.0,0.0,0.25
2366,0.0,0.0,0.0,0.0,0.0,0.0,0.0,0.0,0.0,0.0,0.0,0.0,0.0,0.0,0.0,0.0,0.0,0.0,59.23,40.77,0.0
2368,0.0,0.0,0.0,0.0,49.12,0.0,2.19,3.23,0.76,35.65,0.0,0.0,0.0,0.0,0.0,0.0,0.0,8.08,0.0,0.0,0.98
2369,0.0,33.4,66.6,0.0,0.0,0.0,0.0,0.0,0.0,0.0,0.0,0.0,0.0,0.0,0.0,0.0,0.0,0.0,0.0,0.0,0.0
2370,0.0,0.0,0.0,0.0,0.0,0.0,0.0,0.0,0.0,0.0,0.0,99.24,0.0,0.0,0.0,0.0,0.0,0.0,0.0,0.0,0.76
2371,0.0,0.0,0.0,0.0,0.0,0.0,0.0,0.0,0.0,0.0,0.0,98.14,0.0,0.0,0.0,0.0,0.0,0.0,0.0,0.0,1.86
2372,0.0,0.0,0.0,39.08,0.0,10.67,0.0,0.0,0.0,0.0,0.0,0.0,49.22,0.0,0.0,0.0,0.0,0.0,0.0,0.0,1.04
2374,13.81,11.84,74.36,0.0,0.0,0.0,0.0,0.0,0.0,0.0,0.0,0.0,0.0,0.0,0.0,0.0,0.0,0.0,0.0,0.0,0.0
2378,0.0,0.0,0.94,0.0,0.0,0.0,0.0,0.0,0.0,0.0,0.0,96.29,0.0,0.0,0.0,0.0,0.0,0.0,0.0,0.0,2.77
2386,99.86,0.0,0.0,0.0,0.0,0.0,0.0,0.0,0.0,0.0,0.0,0.0,0.0,0.0,0.0,0.0,0.0,0.0,0.0,0.0,0.14
2387,0.0,0.0,0.0,0.0,0.0,0.0,0.02,0.0,12.82,15.15,0.0,0.0,0.0,8.95,19.56,0.0,0.0,3.02,13.3,26.7,0.47
2392,23.31,2.48,7.97,4.03,4.31,2.71,0.0,0.0,2.51,2.01,1.51,0.0,5.74,2.25,13.64,0.0,0.22,1.32,1.91,14.56,9.53
2403,0.0,0.0,0.0,0.0,0.0,0.0,9.55,0.0,1.82,0.0,0.0,0.0,0.0,0.0,0.0,0.0,0.0,0.0,59.47,27.96,1.19
2409,0.22,33.51,12.61,0.0,0.0,28.04,0.0,0.0,0.0,0.0,0.0,0.0,22.54,0.0,0.0,3.08,0.0,0.0,0.0,0.0,0.0
2410,0.0,0.0,0.0,0.0,0.0,1.21,0.0,0.0,0.55,0.0,0.0,0.0,9.34,23.55,16.62,0.0,0.0,0.0,0.0,9.57,39.15
2412,0.0,0.0,66.98,6.93,0.0,3.54,0.0,0.0,0.0,0.0,0.0,0.0,0.0,0.0,0.0,22.56,0.0,0.0,0.0,0.0,0.0
2414,100.0,0.0,0.0,0.0,0.0,0.0,0.0,0.0,0.0,0.0,0.0,0.0,0.0,0.0,0.0,0.0,0.0,0.0,0.0,0.0,0.0
2415,73.97,11.46,11.93,0.0,0.0,0.0,0.0,0.0,0.0,0.0,0.0,0.01,0.0,0.0,0.0,0.0,0.0,0.0,0.0,0.0,2.64
2416,92.63,0.36,0.0,0.0,0.0,0.0,0.0,0.0,0.0,0.0,0.0,0.0,0.0,0.0,0.0,0.0,0.0,0.0,0.0,0.0,7.01
2417,77.2,4.05,0.0,0.0,0.0,0.0,0.0,0.0,0.0,0.0,0.0,0.0,0.0,0.0,0.0,0.0,0.0,0.0,0.0,0.0,18.75
2418,0.0,0.0,0.0,0.0,0.0,0.0,0.08,0.0,32.01,0.0,0.0,0.0,0.0,6.86,30.29,0.0,0.0,0.0,30.23,0.0,0.53
2419,0.0,0.0,0.0,40.4,59.19,0.0,0.0,0.0,0.0,0.0,0.0,0.0,0.0,0.0,0.0,0.0,0.0,0.0,0.0,0.0,0.42
2420,0.0,0.0,0.0,0.0,15.15,0.0,0.0,0.0,0.0,9.81,0.0,0.0,0.0,0.81,4.85,0.0,0.7,64.29,0.0,0.01,4.4
2426,0.0,0.0,0.0,0.0,0.0,59.99,0.0,0.0,0.0,0.0,0.0,0.0,39.67,0.0,0.0,0.0,0.0,0.0,0.0,0.0,0.34
2430,0.0,0.0,0.0,0.0,65.8,28.36,0.0,0.0,0.0,0.0,0.0,0.0,0.0,0.0,5.84,0.0,0.0,0.0,0.0,0.0,0.0
2432,0.0,0.0,70.34,0.0,0.0,0.0,0.0,0.0,0.0,0.0,0.0,29.66,0.0,0.0,0.0,0.0,0.0,0.0,0.0,0.0,0.0
2433,0.0,0.0,48.45,0.0,0.0,0.0,0.0,0.0,0.0,0.0,0.0,51.55,0.0,0.0,0.0,0.0,0.0,0.0,0.0,0.0,0.0
2434,0.0,0.0,18.36,0.0,0.0,0.0,0.0,0.0,0.0,0.0,0.0,78.77,0.0,0.0,0.0,0.0,0.0,0.0,0.0,0.0,2.87
2436,0.0,0.0,0.0,0.0,0.0,24.13,0.0,0.0,0.0,0.0,0.0,0.0,70.88,0.0,0.0,4.99,0.0,0.0,0.0,0.0,0.0
2437,0.0,52.68,47.32,0.0,0.0,0.0,0.0,0.0,0.0,0.0,0.0,0.0,0.0,0.0,0.0,0.0,0.0,0.0,0.0,0.0,0.0
2446,0.0,14.23,27.62,1.61,0.0,0.18,0.0,0.0,0.0,0.0,0.0,39.85,0.0,0.0,0.0,0.29,0.0,0.0,0.0,0.0,16.21
2447,0.0,38.62,41.52,6.1,0.0,0.69,0.0,0.0,0.0,0.0,0.0,0.0,0.0,0.0,0.0,1.11,0.0,0.0,0.0,0.0,11.97
2450,44.96,54.16,0.66,0.0,0.0,0.0,0.0,0.0,0.0,0.0,0.0,0.0,0.0,0.0,0.0,0.0,0.0,0.0,0.0,0.0,0.22
2457,0.0,0.0,0.0,56.97,0.0,0.17,0.0,0.0,0.0,0.0,0.0,0.0,37.73,0.0,0.0,0.0,0.0,0.0,0.0,0.0,5.13
2458,0.0,0.0,0.0,0.0,0.0,0.0,0.0,0.0,0.0,0.0,0.0,100.0,0.0,0.0,0.0,0.0,0.0,0.0,0.0,0.0,0.0
2461,0.0,0.0,0.0,0.0,0.0,0.0,0.0,100.0,0.0,0.0,0.0,0.0,0.0,0.0,0.0,0.0,0.0,0.0,0.0,0.0,0.0
2462,0.0,0.0,0.0,0.0,0.0,0.0,11.37,0.0,2.17,0.0,0.0,0.0,0.0,0.0,0.0,0.0,0.0,0.0,68.73,16.3,1.42
2463,0.0,0.0,0.0,0.0,0.0,0.0,0.0,74.42,0.0,0.0,0.0,0.0,0.0,0.0,0.0,0.0,0.0,0.0,0.0,0.0,25.58
2467,0.17,32.2,13.79,0.27,0.0,3.51,0.0,0.0,3.99,0.0,0.0,0.0,3.35,22.92,7.56,11.27,0.0,0.0,0.0,0.0,0.96
2468,1.68,3.49,77.68,0.0,0.0,4.02,0.0,0.0,0.0,0.0,0.0,0.0,12.87,0.0,0.15,0.0,0.0,0.0,0.0,0.0,0.12
2469,0.0,0.0,0.0,33.89,0.0,12.19,0.0,0.0,0.0,0.0,0.0,0.0,32.25,0.0,21.38,0.0,0.0,0.0,0.0,0.0,0.28
2471,17.52,62.84,19.64,0.0,0.0,0.0,0.0,0.0,0.0,0.0,0.0,0.0,0.0,0.0,0.0,0.0,0.0,0.0,0.0,0.0,0.0
2473,0.0,0.0,0.0,7.68,8.21,4.34,0.0,0.0,4.77,3.82,0.0,0.0,4.55,4.29,24.03,0.0,0.0,2.51,3.64,26.35,5.8
2474,0.0,0.0,0.0,0.0,19.62,0.0,0.0,0.0,0.0,0.0,0.0,0.0,0.0,0.0,0.0,0.0,0.0,80.38,0.0,0.0,0.0
2475,0.0,0.0,0.0,0.0,62.35,0.0,0.0,0.0,0.0,36.58,0.0,0.0,0.0,0.0,0.0,0.0,0.0,0.0,0.0,0.0,1.07
2477,22.86,8.51,61.85,0.0,0.0,0.0,0.0,0.0,0.0,0.0,0.0,0.0,0.0,0.0,0.0,0.0,0.0,0.0,0.0,0.0,6.78
2478,0.0,0.0,0.0,0.0,0.0,0.0,0.0,0.0,0.0,0.0,0.0,100.0,0.0,0.0,0.0,0.0,0.0,0.0,0.0,0.0,0.0
2480,0.0,0.0,0.46,0.0,0.0,0.0,0.0,0.0,0.0,0.0,0.0,99.42,0.0,0.0,0.0,0.0,0.0,0.0,0.0,0.0,0.12
2481,0.0,0.0,0.0,23.23,0.0,6.71,0.0,0.0,0.0,0.0,0.0,0.0,65.19,4.64,0.0,0.0,0.0,0.0,0.0,0.0,0.23
2484,0.0,0.0,49.62,0.0,0.0,7.02,0.0,0.0,0.0,0.0,0.0,0.0,5.75,0.0,0.0,19.36,0.0,0.0,0.0,0.0,18.25
2485,0.0,0.0,0.0,0.0,0.0,0.0,0.0,0.0,0.0,0.0,82.12,17.88,0.0,0.0,0.0,0.0,0.0,0.0,0.0,0.0,0.0
2486,0.0,0.0,0.0,31.17,0.0,12.11,0.0,0.0,0.0,0.0,0.0,0.0,0.0,37.18,0.0,19.55,0.0,0.0,0.0,0.0,0.0
2487,21.78,13.02,25.54,0.0,0.0,9.36,0.0,0.0,0.0,0.0,0.0,0.0,15.65,0.61,0.0,14.04,0.0,0.0,0.0,0.0,0.0
2488,0.0,0.0,0.0,0.0,0.0,9.5,0.0,0.0,17.25,0.0,0.0,0.0,7.26,37.86,25.7,2.36,0.0,0.0,0.0,0.0,0.07
2490,0.0,0.0,38.79,0.0,0.0,0.0,0.0,0.0,0.0,0.0,0.0,61.21,0.0,0.0,0.0,0.0,0.0,0.0,0.0,0.0,0.0
2491,0.0,0.0,0.0,70.29,0.0,14.08,0.0,0.0,0.0,0.0,0.0,0.0,14.51,0.0,0.0,0.0,0.0,0.0,0.0,0.0,1.12
2493,0.0,0.0,28.26,0.0,0.0,0.0,0.0,0.0,0.0,0.0,0.0,71.74,0.0,0.0,0.0,0.0,0.0,0.0,0.0,0.0,0.0
2494,0.0,0.0,0.0,0.0,94.28,0.98,0.0,0.0,0.0,2.14,0.0,0.0,0.0,0.0,0.09,0.0,0.0,0.61,0.0,0.0,1.91
2497,42.63,57.37,0.0,0.0,0.0,0.0,0.0,0.0,0.0,0.0,0.0,0.0,0.0,0.0,0.0,0.0,0.0,0.0,0.0,0.0,0.0
2498,0.0,0.0,0.0,0.0,13.25,18.74,0.0,0.0,0.0,0.0,0.0,0.0,0.0,0.0,38.84,0.0,0.0,28.75,0.0,0.0,0.41
2500,2.05,96.79,1.17,0.0,0.0,0.0,0.0,0.0,0.0,0.0,0.0,0.0,0.0,0.0,0.0,0.0,0.0,0.0,0.0,0.0,0.0
2602,0.0,0.0,0.0,10.4,15.92,3.9,0.01,0.0,6.26,7.4,0.0,0.0,2.69,4.53,22.09,0.0,0.0,4.87,6.5,13.04,2.41
2603,28.49,42.64,24.62,0.0,0.0,3.15,0.0,0.0,0.0,0.0,0.0,0.0,1.1,0.0,0.0,0.0,0.0,0.0,0.0,0.0,0.0
2604,0.0,0.0,98.44,0.0,0.0,0.78,0.0,0.0,0.0,0.0,0.0,0.0,0.0,0.0,0.0,0.78,0.0,0.0,0.0,0.0,0.0
2605,0.0,0.0,0.0,0.0,81.41,0.0,0.0,0.0,0.0,9.48,0.0,0.0,0.0,0.0,0.0,0.0,0.0,9.07,0.0,0.0,0.05
2606,0.0,0.23,10.85,21.15,4.99,2.24,3.93,0.0,5.24,16.83,0.0,3.38,4.13,11.28,3.13,1.99,0.0,0.0,0.0,0.0,10.62
2607,0.0,0.0,0.0,0.0,100.0,0.0,0.0,0.0,0.0,0.0,0.0,0.0,0.0,0.0,0.0,0.0,0.0,0.0,0.0,0.0,0.0
2608,100.0,0.0,0.0,0.0,0.0,0.0,0.0,0.0,0.0,0.0,0.0,0.0,0.0,0.0,0.0,0.0,0.0,0.0,0.0,0.0,0.0
2609,0.0,0.0,36.84,0.0,0.0,12.07,0.0,0.0,0.0,0.0,0.0,0.0,0.0,2.74,0.0,48.35,0.0,0.0,0.0,0.0,0.0
2610,0.0,0.0,0.0,0.0,0.0,0.0,0.0,0.0,0.0,0.0,0.0,100.0,0.0,0.0,0.0,0.0,0.0,0.0,0.0,0.0,0.0
2612,0.0,0.0,0.0,0.0,53.95,0.0,0.0,0.0,0.0,8.99,0.0,0.0,0.0,0.0,0.0,0.0,0.0,37.06,0.0,0.0,0.0
2613,17.35,8.45,12.4,6.25,1.82,2.55,0.0,0.0,1.3,0.66,8.86,7.7,8.96,2.8,5.63,1.37,0.07,0.43,0.63,4.77,7.99
2615,17.58,8.57,12.57,6.34,1.84,2.59,0.0,0.0,1.32,0.66,7.69,7.81,9.08,2.84,5.71,1.38,0.07,0.44,0.63,4.83,8.05
2617,0.0,0.0,0.0,0.0,0.0,0.0,0.0,0.0,0.0,0.0,0.0,0.0,0.0,0.0,0.0,0.0,0.0,0.0,0.0,99.87,0.13
2620,0.0,0.0,0.0,0.0,0.0,0.0,9.07,0.0,25.49,22.65,0.0,0.0,0.0,0.0,0.63,0.0,36.61,4.75,0.02,0.0,0.78
2623,0.0,0.0,0.0,46.16,53.63,0.0,0.0,0.0,0.0,0.0,0.0,0.0,0.0,0.0,0.0,0.0,0.0,0.0,0.0,0.0,0.21
2629,0.0,0.0,0.0,0.0,0.0,0.0,0.0,94.24,0.0,0.0,0.0,0.0,0.0,0.0,0.0,0.0,0.0,0.0,0.0,0.0,5.76
2630,0.0,0.0,0.0,0.0,0.0,11.54,0.0,0.0,0.0,0.0,0.0,0.0,82.7,0.0,4.75,0.0,0.0,0.0,0.0,0.0,1.02
2631,0.0,0.0,0.0,0.0,0.0,0.0,0.0,0.0,0.0,0.0,0.0,0.0,0.0,0.0,4.16,0.0,0.0,95.84,0.0,0.0,0.0
2634,31.43,14.86,25.4,0.0,0.0,6.79,0.0,0.0,0.0,0.0,0.0,0.0,11.98,0.4,0.0,9.14,0.0,0.0,0.0,0.0,0.0
2635,0.0,0.0,1.59,0.0,0.0,16.46,0.0,0.0,0.0,0.0,0.0,0.0,0.0,0.0,0.0,81.95,0.0,0.0,0.0,0.0,0.0
2640,0.0,0.0,0.0,0.0,0.0,0.0,0.0,0.0,0.0,0.0,0.0,100.0,0.0,0.0,0.0,0.0,0.0,0.0,0.0,0.0,0.0
2642,0.0,14.29,27.54,1.62,0.0,0.18,0.0,0.0,0.0,0.0,0.0,40.09,0.0,0.0,0.0,0.3,0.0,0.0,0.0,0.0,15.97
2644,0.0,0.0,0.0,0.0,0.0,0.0,34.79,0.0,7.6,0.0,0.0,0.0,0.0,0.0,0.0,0.0,0.0,0.0,52.89,0.01,4.7
3001,0.0,0.0,0.0,10.32,11.04,4.63,0.01,0.0,5.97,5.13,0.0,0.0,2.6,5.25,27.8,0.0,0.0,3.38,4.9,13.9,5.07
3002,0.0,0.0,0.0,0.0,0.0,0.43,0.0,0.0,0.0,0.0,0.0,0.0,30.09,0.0,0.08,0.0,0.0,0.0,0.0,0.0,69.41
3003,0.0,0.0,0.0,0.0,0.0,0.3,0.0,0.0,1.62,0.0,0.0,0.0,0.55,1.89,13.39,0.0,0.0,0.0,0.0,81.77,0.48
3004,0.0,0.0,0.0,0.0,0.0,0.7,0.0,0.0,0.0,0.0,0.0,0.0,48.48,0.0,0.12,0.0,0.0,0.0,0.0,0.0,50.7
3005,0.0,0.0,0.0,0.0,0.0,0.0,0.0,0.0,3.22,0.0,0.0,0.0,0.0,3.36,17.2,0.0,0.0,0.0,0.0,76.21,0.0
3006,0.0,0.0,0.0,7.62,8.15,4.31,0.0,0.0,4.74,3.79,0.0,0.0,4.52,4.26,23.85,0.0,0.0,2.49,3.62,26.84,5.83
3007,0.0,0.0,14.45,0.0,0.0,2.3,0.0,0.0,0.0,0.0,0.0,0.0,40.23,0.0,6.69,0.0,0.0,0.0,0.0,0.0,36.32
3008,0.0,0.0,0.0,0.0,0.0,8.81,0.0,0.0,0.0,0.0,0.0,0.0,73.63,0.0,5.36,0.0,0.0,0.0,0.0,0.0,12.21
3009,0.0,0.0,0.0,0.0,0.0,0.0,0.0,0.0,1.63,0.0,0.0,0.0,0.0,1.92,9.54,0.0,0.0,0.0,0.0,86.47,0.44
3010,0.0,0.0,0.0,0.0,0.0,2.31,0.0,0.0,0.0,0.0,0.0,0.0,37.54,0.0,0.74,0.0,0.0,0.0,0.0,0.0,59.41
3011,0.0,0.0,25.04,0.0,0.0,2.34,0.0,0.0,0.0,0.0,0.0,0.0,42.95,0.0,11.07,0.0,0.0,0.0,0.0,0.0,18.6
3012,64.46,35.45,0.0,0.0,0.0,0.0,0.0,0.0,0.0,0.0,0.0,0.0,0.0,0.0,0.0,0.0,0.0,0.0,0.0,0.0,0.09
3013,0.0,0.0,0.0,0.0,0.0,12.97,0.0,0.0,0.0,0.0,0.0,0.0,2.11,0.0,84.92,0.0,0.0,0.0,0.0,0.0,0.0
3014,0.0,99.22,0.78,0.0,0.0,0.0,0.0,0.0,0.0,0.0,0.0,0.0,0.0,0.0,0.0,0.0,0.0,0.0,0.0,0.0,0.0
3015,0.0,0.0,95.79,0.0,0.0,0.0,0.0,0.0,0.0,0.0,0.0,0.0,0.0,0.0,2.22,0.0,0.0,0.0,0.0,0.0,1.98
3016,0.0,0.0,0.0,0.0,0.0,4.24,0.0,0.0,0.0,0.0,0.0,0.0,90.25,0.0,5.5,0.0,0.0,0.0,0.0,0.0,0.0
3017,0.01,5.04,38.42,0.0,0.0,4.31,0.0,0.0,0.0,0.0,0.0,0.0,34.04,0.0,12.92,0.0,0.0,0.0,0.0,5.26,0.0
3018,0.0,0.0,0.0,0.0,0.0,0.0,0.0,0.0,6.45,0.0,0.0,0.0,0.0,0.51,0.01,0.0,0.0,0.0,0.0,91.11,1.92
3019,0.0,0.0,0.0,0.0,0.0,0.0,0.0,0.0,1.82,0.0,0.0,0.0,0.0,3.23,0.0,0.0,0.0,0.0,0.0,94.42,0.53
3020,0.14,49.75,50.11,0.0,0.0,0.0,0.0,0.0,0.0,0.0,0.0,0.0,0.0,0.0,0.0,0.0,0.0,0.0,0.0,0.0,0.0
3021,0.0,0.0,0.0,0.0,0.0,2.83,0.0,0.0,0.0,0.0,0.0,0.0,46.93,0.0,30.95,0.0,0.0,0.0,0.0,19.3,0.0
3022,0.0,0.0,0.0,0.0,0.0,0.0,0.0,0.0,0.0,0.0,0.0,0.0,0.0,0.0,20.2,0.0,0.0,0.0,0.0,79.8,0.0
3023,0.0,0.0,0.0,0.0,0.0,10.1,0.0,0.0,0.0,0.0,0.0,0.0,89.05,0.0,0.85,0.0,0.0,0.0,0.0,0.0,0.0
3024,0.0,0.0,81.14,0.0,0.0,5.02,0.0,0.0,0.0,0.0,0.0,0.0,2.24,0.0,11.6,0.0,0.0,0.0,0.0,0.0,0.0
3025,0.0,0.0,0.0,0.0,0.0,0.0,0.0,0.0,0.0,0.0,0.0,0.0,0.0,0.0,0.0,0.0,0.0,0.0,0.0,100.0,0.0
3026,0.0,0.0,53.22,0.0,0.0,12.45,0.0,0.0,0.0,0.0,0.0,0.0,5.55,0.0,28.77,0.0,0.0,0.0,0.0,0.0,0.0
3027,0.0,0.0,0.0,0.0,0.0,3.25,0.0,0.0,0.0,0.0,0.0,0.0,20.41,0.0,46.49,0.0,0.0,0.0,0.0,29.84,0.0
3028,0.0,0.0,100.0,0.0,0.0,0.0,0.0,0.0,0.0,0.0,0.0,0.0,0.0,0.0,0.0,0.0,0.0,0.0,0.0,0.0,0.0
3029,0.0,0.0,0.0,0.0,0.0,2.36,0.0,0.0,0.0,0.0,0.0,0.0,95.59,0.0,2.05,0.0,0.0,0.0,0.0,0.0,0.0
3030,0.0,0.0,0.0,0.0,0.0,0.0,0.0,0.0,0.0,0.0,0.0,0.0,0.0,0.0,9.37,0.0,0.0,0.0,0.0,90.63,0.0
3031,0.0,0.0,0.0,0.0,0.0,0.0,0.0,0.0,0.0,0.0,0.0,0.0,0.0,0.0,0.0,0.0,0.0,0.0,0.0,100.0,0.0
3032,0.0,0.0,0.0,0.0,0.0,0.0,0.0,0.0,3.96,0.0,0.0,0.0,0.0,11.9,84.09,0.0,0.0,0.0,0.05,0.0,0.0
3033,0.0,0.0,0.0,0.0,0.0,0.0,3.26,0.0,1.77,0.0,0.0,0.0,0.0,3.46,14.55,0.0,0.0,0.0,20.69,55.57,0.69
4001,0.0,0.0,0.0,0.0,0.0,0.0,0.0,0.0,0.0,0.0,100.0,0.0,0.0,0.0,0.0,0.0,0.0,0.0,0.0,0.0,0.0
4002,0.0,0.0,0.0,0.0,0.0,0.0,0.0,0.0,0.0,0.0,100.0,0.0,0.0,0.0,0.0,0.0,0.0,0.0,0.0,0.0,0.0
4003,0.0,0.0,0.0,0.0,0.0,0.0,0.0,0.0,0.0,0.0,100.0,0.0,0.0,0.0,0.0,0.0,0.0,0.0,0.0,0.0,0.0
4004,0.0,0.0,0.23,0.0,0.0,0.0,0.0,0.0,0.0,0.0,99.75,0.0,0.0,0.0,0.0,0.0,0.0,0.0,0.0,0.0,0.03
4005,0.0,0.0,0.0,0.0,0.0,0.0,0.0,0.0,0.0,0.0,100.0,0.0,0.0,0.0,0.0,0.0,0.0,0.0,0.0,0.0,0.0
4006,0.0,0.0,0.0,0.0,0.0,0.0,0.0,0.0,0.0,0.0,99.95,0.0,0.0,0.0,0.0,0.0,0.0,0.0,0.0,0.0,0.05
4007,0.0,0.0,66.4,0.0,0.0,0.0,0.0,0.0,0.0,0.0,31.38,0.0,0.0,0.0,0.0,0.0,2.22,0.0,0.0,0.0,0.0
4008,4.55,7.91,48.39,0.0,0.0,0.0,0.0,0.0,0.0,0.0,37.19,0.0,0.0,0.0,0.0,0.0,1.96,0.0,0.0,0.0,0.0
4009,58.29,15.6,24.76,0.0,0.0,0.0,0.0,0.0,0.0,0.0,1.35,0.0,0.0,0.0,0.0,0.0,0.0,0.0,0.0,0.0,0.0
4010,21.67,2.31,6.18,4.4,4.71,2.95,0.0,0.0,2.73,2.19,0.03,0.0,6.26,2.46,14.88,0.0,0.0,1.44,2.09,15.89,9.82
4011,99.89,0.0,0.0,0.0,0.0,0.0,0.0,0.0,0.0,0.0,0.0,0.0,0.0,0.0,0.0,0.0,0.0,0.0,0.0,0.0,0.11
4012,100.0,0.0,0.0,0.0,0.0,0.0,0.0,0.0,0.0,0.0,0.0,0.0,0.0,0.0,0.0,0.0,0.0,0.0,0.0,0.0,0.0
4013,100.0,0.0,0.0,0.0,0.0,0.0,0.0,0.0,0.0,0.0,0.0,0.0,0.0,0.0,0.0,0.0,0.0,0.0,0.0,0.0,0.0
4014,100.0,0.0,0.0,0.0,0.0,0.0,0.0,0.0,0.0,0.0,0.0,0.0,0.0,0.0,0.0,0.0,0.0,0.0,0.0,0.0,0.0
4015,99.74,0.0,0.0,0.0,0.0,0.0,0.0,0.0,0.0,0.0,0.0,0.0,0.0,0.0,0.0,0.0,0.0,0.0,0.0,0.0,0.26
4016,65.04,14.39,20.25,0.0,0.0,0.0,0.0,0.0,0.0,0.0,0.0,0.0,0.0,0.0,0.0,0.0,0.0,0.0,0.0,0.0,0.32
4017,98.92,0.0,0.0,0.0,0.0,0.0,0.0,0.0,0.0,0.0,0.0,0.0,0.0,0.0,0.0,0.0,0.0,0.0,0.0,0.0,1.08
4018,100.0,0.0,0.0,0.0,0.0,0.0,0.0,0.0,0.0,0.0,0.0,0.0,0.0,0.0,0.0,0.0,0.0,0.0,0.0,0.0,0.0
4019,99.67,0.0,0.0,0.0,0.0,0.0,0.0,0.0,0.0,0.0,0.0,0.0,0.0,0.0,0.0,0.0,0.0,0.0,0.0,0.0,0.33
4020,54.8,19.43,25.46,0.0,0.0,0.0,0.0,0.0,0.0,0.0,0.0,0.0,0.0,0.0,0.0,0.0,0.0,0.0,0.0,0.0,0.32
4021,35.37,25.52,39.01,0.0,0.0,0.0,0.0,0.0,0.0,0.0,0.0,0.0,0.0,0.0,0.0,0.0,0.0,0.0,0.0,0.0,0.1
4022,99.47,0.0,0.0,0.0,0.0,0.0,0.0,0.0,0.0,0.0,0.0,0.0,0.0,0.0,0.0,0.0,0.0,0.0,0.0,0.0,0.53
4023,0.79,36.26,62.94,0.0,0.0,0.0,0.0,0.0,0.0,0.0,0.0,0.0,0.0,0.0,0.0,0.0,0.0,0.0,0.0,0.0,0.0
4024,0.0,0.0,100.0,0.0,0.0,0.0,0.0,0.0,0.0,0.0,0.0,0.0,0.0,0.0,0.0,0.0,0.0,0.0,0.0,0.0,0.0
4025,7.32,39.62,52.95,0.0,0.0,0.0,0.0,0.0,0.0,0.0,0.0,0.0,0.0,0.0,0.0,0.0,0.0,0.0,0.0,0.0,0.1
4026,0.0,1.25,98.75,0.0,0.0,0.0,0.0,0.0,0.0,0.0,0.0,0.0,0.0,0.0,0.0,0.0,0.0,0.0,0.0,0.0,0.0
5001,0.0,0.0,16.77,0.0,0.0,0.0,0.0,0.0,0.0,0.0,0.0,83.23,0.0,0.0,0.0,0.0,0.0,0.0,0.0,0.0,0.0
5002,0.0,0.0,0.0,0.0,0.0,0.0,0.0,0.0,0.0,0.0,0.0,100.0,0.0,0.0,0.0,0.0,0.0,0.0,0.0,0.0,0.0
5003,0.0,0.0,87.08,0.0,0.0,0.0,0.0,0.0,0.0,0.0,0.0,12.92,0.0,0.0,0.0,0.0,0.0,0.0,0.0,0.0,0.0
5004,0.0,0.0,0.0,0.0,0.0,0.0,0.0,0.0,0.0,0.0,0.0,96.61,0.0,0.0,0.0,0.0,0.0,0.0,0.0,0.0,3.39
5005,0.0,0.0,0.0,0.0,0.0,0.0,0.0,0.0,0.0,0.0,0.0,100.0,0.0,0.0,0.0,0.0,0.0,0.0,0.0,0.0,0.0
5006,0.0,0.0,0.0,0.0,0.0,0.0,0.0,0.0,0.0,0.0,0.0,100.0,0.0,0.0,0.0,0.0,0.0,0.0,0.0,0.0,0.0
5007,0.0,0.0,0.0,0.0,0.0,0.0,0.0,0.0,0.0,0.0,0.0,100.0,0.0,0.0,0.0,0.0,0.0,0.0,0.0,0.0,0.0
5008,0.0,0.0,17.97,3.07,0.0,2.45,0.0,0.0,0.0,0.0,0.0,0.0,0.0,36.79,0.0,39.72,0.0,0.0,0.0,0.0,0.0
5009,0.0,0.0,0.0,0.0,0.0,0.0,0.0,0.0,0.0,0.0,0.0,100.0,0.0,0.0,0.0,0.0,0.0,0.0,0.0,0.0,0.0
5010,0.0,0.0,0.0,0.0,0.0,0.0,0.0,0.0,0.0,0.0,0.0,100.0,0.0,0.0,0.0,0.0,0.0,0.0,0.0,0.0,0.0
5011,0.0,0.0,0.0,0.0,0.0,0.0,0.0,0.0,0.0,0.0,0.0,99.36,0.0,0.0,0.0,0.0,0.0,0.0,0.0,0.0,0.64
5012,0.0,0.0,0.0,0.0,0.0,0.0,0.0,0.0,0.0,0.0,0.0,98.09,0.0,0.0,0.0,0.0,0.0,0.0,0.0,0.0,1.91
5013,0.0,0.0,0.0,0.0,0.0,0.0,0.0,0.0,0.0,0.0,0.0,98.75,0.0,0.0,0.0,0.0,0.0,0.0,0.0,0.0,1.25
5014,0.0,0.0,0.0,0.0,0.0,0.0,0.0,0.0,0.0,0.0,0.0,98.6,0.0,0.0,0.0,0.0,0.0,0.0,0.0,0.0,1.4
5015,0.0,0.0,59.52,0.07,0.0,0.0,0.0,0.0,0.0,0.0,0.0,0.0,0.0,0.0,0.0,40.41,0.0,0.0,0.0,0.0,0.0
5016,0.0,0.0,0.59,0.0,0.0,0.0,0.0,0.0,0.0,0.0,0.0,99.41,0.0,0.0,0.0,0.0,0.0,0.0,0.0,0.0,0.0
5017,0.0,0.0,0.0,81.95,0.0,0.0,0.0,0.0,0.0,0.0,0.0,0.0,0.0,18.05,0.0,0.0,0.0,0.0,0.0,0.0,0.0
5018,0.0,0.0,26.08,0.0,0.0,0.0,0.0,0.0,0.0,0.0,0.0,0.0,0.0,28.86,0.0,45.06,0.0,0.0,0.0,0.0,0.0
5019,0.0,0.0,1.17,98.83,0.0,0.0,0.0,0.0,0.0,0.0,0.0,0.0,0.0,0.0,0.0,0.0,0.0,0.0,0.0,0.0,0.0
5020,0.0,0.0,0.0,0.0,0.0,0.0,0.0,0.0,0.0,0.0,0.0,0.0,0.0,85.49,0.0,14.51,0.0,0.0,0.0,0.0,0.0
5021,0.0,0.0,0.0,0.0,0.0,0.0,0.0,0.0,0.0,0.0,0.0,99.05,0.0,0.0,0.0,0.0,0.0,0.0,0.0,0.0,0.95
5022,0.0,0.0,0.0,42.86,0.0,10.05,0.0,0.0,5.64,0.0,0.0,0.0,0.0,37.3,0.46,3.61,0.0,0.0,0.0,0.0,0.08
5023,0.0,0.0,0.0,0.67,0.0,0.01,0.0,0.0,5.79,0.0,0.0,0.0,0.0,79.91,0.02,13.49,0.0,0.0,0.0,0.0,0.11
5024,0.0,0.0,0.0,0.0,0.0,0.0,0.0,0.0,0.0,0.0,0.0,100.0,0.0,0.0,0.0,0.0,0.0,0.0,0.0,0.0,0.0
5025,0.0,0.0,0.0,99.89,0.0,0.08,0.0,0.0,0.0,0.0,0.0,0.0,0.0,0.0,0.0,0.0,0.0,0.0,0.0,0.0,0.02
5026,0.0,0.0,0.0,1.96,0.0,0.03,0.0,0.0,13.1,0.0,0.0,0.0,0.0,65.23,0.0,19.42,0.0,0.0,0.0,0.0,0.26
5027,0.0,0.0,0.0,99.97,0.0,0.0,0.0,0.0,0.0,0.0,0.0,0.0,0.0,0.0,0.0,0.0,0.0,0.0,0.0,0.0,0.03
5028,0.0,0.0,0.0,0.0,0.0,0.0,0.0,0.0,0.9,0.0,0.0,0.0,0.0,99.1,0.0,0.0,0.0,0.0,0.0,0.0,0.0
5029,0.0,0.0,0.0,0.0,0.0,0.0,0.0,0.0,3.61,0.0,0.0,0.0,0.0,81.99,0.06,14.28,0.0,0.0,0.0,0.0,0.06
5030,0.0,0.0,0.0,0.0,0.0,0.0,0.0,0.0,0.0,0.0,0.0,99.17,0.0,0.0,0.0,0.0,0.0,0.0,0.0,0.0,0.83
5031,0.0,0.0,0.0,100.0,0.0,0.0,0.0,0.0,0.0,0.0,0.0,0.0,0.0,0.0,0.0,0.0,0.0,0.0,0.0,0.0,0.0
5032,0.0,0.0,0.0,0.0,0.0,0.0,0.0,0.0,0.0,0.0,0.0,99.3,0.0,0.0,0.0,0.0,0.0,0.0,0.0,0.0,0.7
6001,0.0,0.0,0.0,0.0,0.0,0.0,0.0,0.0,0.0,100.0,0.0,0.0,0.0,0.0,0.0,0.0,0.0,0.0,0.0,0.0,0.0
6002,0.0,0.0,0.0,0.0,0.0,0.0,0.0,0.0,1.5,98.5,0.0,0.0,0.0,0.0,0.0,0.0,0.0,0.0,0.0,0.0,0.0
6003,0.0,0.0,0.0,0.0,1.18,0.0,0.0,0.0,18.1,79.55,0.0,0.0,0.0,0.0,0.0,0.0,0.0,0.0,0.0,0.0,1.17
6004,0.0,0.0,0.0,0.0,34.99,0.0,0.0,0.0,26.44,38.57,0.0,0.0,0.0,0.01,0.0,0.0,0.0,0.0,0.0,0.0,0.0
6005,0.0,0.0,0.0,0.0,71.5,0.21,0.0,0.0,3.9,16.7,0.0,0.0,0.0,2.47,0.75,0.0,0.0,2.48,0.0,0.0,1.99
6006,0.0,0.0,0.0,0.0,95.69,0.53,0.0,0.0,0.0,1.9,0.0,0.0,0.0,0.0,0.1,0.0,0.0,0.16,0.0,0.0,1.62
6007,0.0,0.0,0.0,0.0,43.37,0.12,5.8,6.54,4.87,31.75,0.0,0.0,0.0,1.48,0.45,0.0,0.0,1.51,0.0,0.0,4.11
6008,0.0,0.0,0.0,0.0,0.0,0.0,0.21,90.91,0.0,0.0,0.0,0.0,0.0,0.0,0.0,0.0,0.0,0.0,0.0,0.0,8.88
6009,0.0,0.0,0.0,0.0,0.0,0.0,17.64,81.84,0.35,0.18,0.0,0.0,0.0,0.0,0.0,0.0,0.0,0.0,0.0,0.0,0.0
6010,0.0,0.0,0.0,0.0,0.0,0.0,0.0,99.98,0.0,0.0,0.0,0.0,0.0,0.0,0.0,0.0,0.0,0.0,0.0,0.0,0.02
6011,0.0,0.0,0.0,0.0,32.27,0.85,2.04,26.82,1.24,14.3,0.0,0.0,0.0,0.4,0.82,0.0,0.14,8.92,0.0,0.04,12.15
